37e0
0127
4125  0100 0001
024b
3242
8f40
024b
3243
8f41
024b
3241
8f42
024b
3245
8f43
024b
3244
8f43
024b
3245
8f44
a110
024b
036f
8780
87a1
0d99
ce04
8fa0
8f81
4241
4361
47e1
0b31
413f
acf5
aaf1



00110 11111100000
00000 00100100111
01000 00100100101
00000 01001001011
00110 01001000010
10001 11101000000
00000 01001001011
00110 01001000011
10001 11101000001
00000 01001001011
00110 01001000001
10001 11101000010
00000 01001001011
00110 01001000101
10001 11101000011
00000 01001001011
00110 01001000100
10001 11101000011
00000 01001001011
00110 01001000101
10001 11101000100
10100 00100010000
00000 01001001011
00000 01101101111
10000 11110000000
10000 11110100001
00001 10110011001
11001 11000000100
10001 11110100000
10001 11110000001
01000 01001000001
01000 01101100001
01000 11111100001
00001 01100110001
01000 00100111111
10101 10011110101
10101 01011110001


